Seed	Start_X	Start_Z	Portal_X	Portal_Z	Distance
-5087685212357556483	-35	140	-576	2192	2336
-2466027279274043176	118	7	1840	144	2356
-7454889766493260656	-76	-87	-1168	-1408	1774
1904434684112830042	-77	-86	-1200	-1424	1815
-3599245535508156430	-50	91	-752	1456	1639
-1731659065032869073	54	112	864	1856	2093
-8743482209871867354	-156	-14	-2496	-192	2688
7698034129751332777	-50	-121	-848	-1968	2143
3879544595695367752	-60	111	-976	1744	2018
2822324583170438994	109	-48	1696	-752	1340
967123011670917948	-84	-91	-1312	-1472	1972
6902867320546236492	107	-91	1760	-1456	2284
4232795691469541632	-93	-27	-1520	-464	1533
4598150211241204119	157	17	2480	224	2490
4193952144685330770	155	-52	2480	-864	2558
-3623170908521000489	6	163	112	2608	2610
8207503837606186256	92	26	1520	432	1580
6249282424630856493	-49	92	-848	1488	1713
7136773026201989654	-17	117	-256	1808	1887
8198496638355000311	86	55	1376	912	1651
-7092631471450504357	-116	108	-1888	1744	2570
7473980048303440762	44	-160	672	-2544	2631
1752719671682937771	-102	79	-1664	1216	2102
-1688874868558100431	10	-120	144	-1872	1878
7873111565280434833	152	-9	2416	-96	2352
-2880639919947875611	112	-87	1824	-1408	2304
5394442920369471999	-44	-136	-736	-2144	2267
408676657893945287	89	1	1424	48	1425
284546193164599874	-156	-14	-2448	-224	2458
5616245202019566088	13	-160	160	-2544	2481
1410727574988723691	45	121	704	1904	2030
-6139557200297224626	40	-99	640	-1552	1679
2033913173428515574	97	41	1568	640	1690
-7317248502852174719	90	-77	1456	-1200	2453
-5075018838374355092	29	-135	448	-2096	2530
5261305256395221505	-98	31	-1536	496	1655
-2064925437429153398	106	-3	1664	16	1664
-7574516631563455309	-122	113	-2000	1808	2696
-388179001162056608	-103	-30	-1632	-544	1793
-5767447281078474323	-8	99	-160	1616	1701
-7979840598022425187	65	116	1072	1808	2102
-8342380368025742128	46	70	704	1072	1332
799363925583735813	26	-148	448	-2400	2441
5539402533391527207	-115	-68	-1904	-1088	2193
7355197608155433537	86	60	1392	928	1683
7067530181957316230	98	79	1536	1280	1979
-1331964598063432970	-10	-117	-144	-1840	1846
-6878429014146718419	4	-90	80	-1472	1474
-8306070096020615975	79	-142	1232	-2320	2627
-7781682214407348364	102	-102	1616	-1616	2262
7070344931731211952	-7	112	-144	1760	1804
7574816108691742	22	-96	368	-1568	1651
4338630282756431161	44	-82	720	-1344	1653
4691881378530400056	-17	-113	-320	-1808	1836
-1422599540555001201	48	95	736	1536	1647
3138702457043933861	-15	116	-240	1872	1887
7729840802172683087	-103	46	-1728	720	1899
4837966891448436607	116	6	1824	112	1923
-1880840802632921759	-89	-61	-1392	-992	1709
1366254528701339116	-135	-26	-2144	-464	2218
-7094883271220692362	85	23	1360	320	1393
1073239077947518861	105	-25	1680	-368	1720
-829813239592754553	-143	-45	-2272	-784	2348
6701331237277671332	138	-28	2272	-448	2360
-8629766319220903529	-3	-102	-32	-1680	1680
5545032032951373659	-115	-70	-1904	-1120	2198
8525852036317659278	-33	114	-544	1776	1857
-4019769150652636535	-112	42	-1840	624	1964
2410808167280672295	1	166	-32	2656	2684
7605147387499646908	68	67	1040	1072	1449
322545315066152020	-103	73	-1600	1184	2032
7463846949192326754	-115	115	-1872	1808	2580
4607157410556021149	-93	99	-1504	1584	2313
9075572665837794646	-48	-77	-768	-1280	1498
7593888388434910063	-72	115	-1184	1808	2197
7823853444408952177	146	-64	2320	-1008	2494
387847509667478338	10	-143	112	-2304	2307
7597547563134726586	-24	108	-400	1792	1829
-4507846760259098446	95	-65	1552	-1024	2042
-5802350178151067653	-147	-62	-2320	-960	2511
2589263302524597356	90	-10	1424	-208	1144
5267216230951473976	-140	-4	-2224	-48	2225
8184985839534908892	1	97	-32	1520	1352
8834348610806573162	-152	-67	-2432	-1056	2651
-1255684879340298453	123	82	1968	1360	2395
-3024473632989618015	-85	-35	-1328	-576	1408
4751554073619721739	-172	9	-2752	208	2473
6840661350767656982	45	-115	656	-1840	1953
3798761277455852641	46	106	688	1680	1836
6239430800514293535	60	71	976	1184	1532
2412497017157664848	-144	62	-2304	1040	2534
5856624832189886390	126	-75	2064	-1200	2387
8333604627244067186	-85	-37	-1376	-592	1578
-2171041503597165075	112	45	1760	672	1871
-3942645007013443062	78	139	1200	2176	2154
2186754085839331060	39	157	576	2528	2593
-5263044122760277054	-124	86	-1968	1344	2761
4741983924420535266	-10	-97	-176	-1520	1530
-2737650631710203599	-86	60	-1392	944	1682
-7997292046525262522	138	-67	2160	-1088	2727
-2450827630441637263	-51	133	-784	2112	2365
-1219656082308104332	-126	-70	-1984	-1136	2207
-7994195821779999863	7	152	48	2448	2448
7200667845991909500	36	-131	528	-2080	2146
8072677323841892080	144	-1	2272	0	2272
6886823246960101129	-7	-125	-144	-2064	2069
2517768658459474385	70	-84	1120	-1328	1725
8527259411232823706	81	112	1232	1808	2201
5279319654968638104	-13	163	-192	2560	3128
4544669965754556548	148	-61	2320	-992	2550
3374578487568962858	105	12	1616	208	1629
435416780756369727	71	114	1136	1872	2184
-8625262719557000998	12	136	144	2176	2145
497341275636614426	139	17	2192	320	2428
7917303136710590759	-158	14	-2480	224	2490
8388492247724681088	25	164	400	2576	2591
2906767076285602340	130	80	2096	1312	2162
7210519470191823534	101	-56	1568	-944	1793
414306157513357878	-90	64	-1424	1072	1782
4938453458185101523	-152	-29	-2464	-496	2513
207422049632470850	-140	-28	-2208	-416	2159
-8598804071736360138	9	110	128	1808	1815
5010511052223914466	99	-84	1520	-1328	2018
-6776253597534536940	103	-64	1680	-1040	1931
-2811115600610243803	60	132	912	2096	2805
-5448536132388705560	65	101	1040	1552	1868
6681346513981828125	134	1	2128	48	1995
-1510138258251344148	-63	-118	-1072	-1904	2185
-388741951034746035	-141	-12	-2304	-224	2274
5606112102950077424	-121	-76	-1952	-1200	2291
6475869780986374469	-142	64	-2288	960	2481
872547419609572299	100	65	1536	1056	1832
-8412467637144289460	121	88	1920	1360	2353
6648132466736932752	-109	65	-1760	992	1961
5646925974577481472	-85	139	-1376	2272	2656
1330788681697376803	-120	8	-1968	96	1970
6659672940783595289	-94	28	-1472	480	1548
-4642110324101537424	-53	-67	-832	-1008	1307
-1079200068897701326	13	-134	256	-2160	2241
1985218002552004660	-122	-4	-1904	-48	1601
-515405690544636543	-70	83	-1168	1312	1757
9203643780300930264	122	31	1936	464	2296
-4373583196313867959	-72	107	-1168	1744	1975
-942684705187301594	-81	77	-1280	1248	1857
-6596391087394334727	-62	118	-992	1920	2191
-464740194728692473	-53	-75	-864	-1248	1758
-7111208819796878180	5	138	32	2224	2224
5118034493352279882	85	-90	1376	-1472	2015
-554812187273840812	-45	90	-704	1472	1610
6492476804632339487	113	-84	1728	-1360	2224
3136732132288859902	-146	-65	-2384	-1024	2588
1039743555794926238	145	-62	2336	-960	2526
-3610223059464763001	37	-102	592	-1536	1646
6170469431278315201	87	-121	1376	-1920	2257
3119843633688372072	22	115	336	1872	1884
1585805010616787354	100	-123	1552	-1968	2586
-8073008815207875721	-131	95	-2112	1536	2611
-5599125244896942493	45	-140	736	-2208	2540
7189971796930535503	50	132	768	2064	3010
257524595524755497	-3	125	-32	2000	2000
-7816866586396928798	30	-160	448	-2528	2567
8974241674301012924	-118	57	-1840	928	2069
-4876297504698340880	-66	-66	-1088	-1088	1539
-1459472762407435404	-92	-111	-1504	-1728	2291
6357368815824510431	155	11	2416	192	2473
-6253273090765176530	97	122	1536	1872	2364
-2782123677968615208	10	-117	144	-1904	1927
-5972642538983472174	110	-32	1712	-496	2273
968811861678690047	116	61	1872	976	2111
4805034319269765258	-76	-48	-1248	-816	1479
1977618178212856151	74	123	1152	2000	2152
-2581150544591862508	38	-85	608	-1408	1445
-4933155449984068483	-101	63	-1664	1024	1967
5836921583895908403	-115	-52	-1856	-848	2077
-3837091890671320570	101	-93	1584	-1456	2085
4735791475005531220	-81	85	-1344	1376	1923
2262959654973493607	-9	-109	-96	-1744	1899
8988804223476634598	-142	94	-2304	1456	2369
4323075009521838313	-99	31	-1600	464	1666
98698559049329144	-46	74	-704	1200	1391
-6435743025288371226	15	103	208	1648	1774
2692208994462722786	94	35	1504	608	1631
8590798606412043510	53	136	848	2208	2405
-5702219235977399598	123	3	1984	64	2003
-5491113003444127223	150	-29	2432	-496	2614
-1916943749171645470	-42	123	-704	1936	2261
-5843519674281200457	-104	-60	-1648	-928	1750
-6367907555892732252	40	-100	608	-1648	1757
5948311525061579851	-116	74	-1856	1136	2255
-4302444176785999591	124	-17	2032	-272	2050
-4277674378834939603	163	-46	2576	-752	2684
-2519018724346277362	-123	-87	-2016	-1392	2611
1809221992533666938	-27	-81	-400	-1296	1180
5717220569185155232	-2	165	-32	2688	2688
5823618110382820085	31	-159	512	-2512	2564
-828761489196680686	46	84	752	1296	1498
-1545115304923963252	54	147	848	2320	2386
-2671859636695573252	128	102	2048	1568	2605
8332967527760992675	-116	-59	-1872	-960	2086
9219895179377847780	-124	20	-2000	352	2031
-327736030647489842	166	8	2656	112	2641
-2711547608409104848	-129	50	-2016	784	2096
-8434778309866240407	-87	-21	-1360	-336	1409
-7871828356444639940	102	-122	1632	-1920	2516
-2978948836282757534	-68	-61	-1104	-1008	1531
-7525051185134281287	54	109	896	1728	1946
-3312778158657826120	40	-91	688	-1472	1735
8224881136712569093	34	147	576	2384	2470
-1498390458779638827	120	-68	1920	-1152	2229
2766799863317435608	-109	-71	-1760	-1088	1918
3199145427545915406	-144	1	-2272	0	2272
-4773633287782803782	65	114	976	1856	2111
399313834206456094	104	-82	1648	-1280	2249
-1752562362746353238	-131	18	-2112	272	2129
323315590496582796	-122	-113	-2000	-1792	2697
4839581591819938229	-122	36	-1968	624	2014
2625780899992203359	120	-10	1872	-176	2131
4132516450324852985	-92	105	-1456	1712	2247
1093994076733815523	-16	-105	-288	-1648	1673
-1046060171194496366	146	45	2368	736	2654
1403898026095956727	58	-82	944	-1248	1565
-5304776568825408994	-44	-84	-688	-1360	1524
-3736116523616313042	26	123	448	1984	2034
-3849269464253573028	-89	-30	-1488	-480	1863
-942195904784055977	-20	-148	-336	-2336	2360
-3883609411410407789	4	-93	32	-1472	1474
-8492762155047372206	-1	-144	16	-2336	2352
-1554685454105735714	93	-41	1472	-704	1303
1302567034484189693	-157	-37	-2496	-544	2588
6181091330833379238	-76	134	-1248	2144	2485
-7689151096537164018	-116	84	-1824	1328	2256
-2329023115035930129	-134	23	-2176	336	2184
1292433935324256374	12	97	176	1600	1478
-2700288609314171272	33	-131	576	-2096	2193
9063676567331733658	117	-56	1872	-944	2097
-2252461921365747070	53	-101	896	-1616	1848
-4907052426722044670	148	-47	2320	-736	2760
-3896838735307021516	-92	-65	-1472	-992	1968
8313827229381701175	130	65	2160	1024	2390
9219895179414028708	124	-24	2016	-416	2058
-4885378853510164399	42	-94	672	-1472	1618
7922858486732309378	156	-11	2528	-176	2489
1853695038898347396	94	-98	1520	-1616	2219
-5334331441360158014	41	111	608	1792	1892
-5261710897367088650	-128	65	-2032	1072	2086
-3001748309356253500	-132	-3	-2128	-16	2128
6829328202217276056	-18	136	-272	2160	2177
-8825184102522289595	132	74	2128	1136	2441
5858802482520328735	-66	95	-1120	1552	1864
-4915778150986674257	47	-157	704	-2528	2939
1531406190570902688	132	-2	2160	-48	1939
1762215671478728066	39	119	656	1920	2206
-7351944074412291610	-68	-80	-1120	-1248	1810
-5597792019551324437	-76	81	-1248	1312	1788
-3550905988911366654	-131	70	-2144	1088	2340
-7169266814526080144	-160	-48	-2576	-816	2714
6129862885100278605	-112	72	-1776	1184	2134
7173853573720555526	33	101	544	1648	1735
1499036568258494168	-72	68	-1120	1104	1573
-5564859447272116182	76	-93	1184	-1456	1877
-736719171751110801	-12	110	-256	1744	1763
-9156761625071875073	141	-2	2240	-80	1970
4848307316144630675	-76	-34	-1184	-528	1284
-2100746908887449122	-18	-106	-352	-1696	1594
4288453587468144115	-95	-99	-1552	-1648	2032
4759361223505758404	76	152	1152	2432	2691
375951411191794561	-86	42	-1440	640	1576
4782442171597218202	18	121	320	1904	2449
-6798845745162276369	28	116	464	1824	1882
8398551197402340225	-112	-8	-1792	-112	1810
941716114385061883	158	36	2544	608	2599
-8671780240189928231	-98	-74	-1552	-1152	1933
5075176147381938587	5	-140	48	-2192	2272
-58645952843560907	-7	89	-96	1424	1602
-2987111610540418021	-168	-2	-2720	-16	2893
6157447432835519390	-27	-103	-416	-1632	1684
-7318730027139342217	-86	127	-1408	2032	2472
6335621093095294348	53	-87	800	-1376	1592
-4178876661930738122	104	-32	1664	-480	1723
3085992486972437719	-19	-91	-336	-1456	1494
7240844618199997102	-71	-107	-1152	-1680	2037
6669168940500675661	99	24	1552	384	1599
8100187722098030898	-70	55	-1168	864	1453
3754495556662315675	63	96	992	1552	1739
-3950881930788823658	42	79	704	1232	1419
8985989473811349874	14	123	176	1984	2255
7623087636582456613	85	104	1328	1616	2241
276027794481446277	-44	92	-688	1520	1719
-8840383751219322674	22	-90	384	-1472	1557
-6573665763767403627	-86	-118	-1376	-1840	2339
2462243938598253413	89	-22	1472	-320	1467
1010114533748583128	118	-49	1840	-816	1998
3030260441600968780	11	132	224	2096	2108
8947145927035944529	-6	168	-48	2656	2626
-5572459271605450338	16	161	256	2528	2497
-4462603438434827243	-71	-118	-1120	-1872	2190
8744202468831092493	-151	-4	-2352	-64	2353
-4877216079126908079	-104	-47	-1712	-784	1368
5460515390525908322	-3	156	-16	2496	2448
4423843051300955395	-115	-14	-1808	-208	1822
-7194036612430880183	-69	-81	-1136	-1344	1737
-6393240303688305686	-77	-88	-1264	-1440	1916
4088606354040185214	115	54	1840	880	2025
348085388533611591	-94	-75	-1536	-1200	1949
-6901584111624672204	-41	-153	-688	-2432	2527
2761451838852166335	-88	13	-1472	256	1494
2282944378444632209	51	87	768	1376	1546
-1161183436585492649	93	-137	1472	-2240	3169
4082132429580886251	-7	-126	-160	-2000	2004
-7815251886024130822	28	105	448	1712	1770
9130949086841914529	55	-140	960	-2224	2422
8086676923247492060	59	-126	1008	-2016	2254
-7409083494623957002	95	32	1552	528	1639
9151215285170855598	-164	-45	-2560	-672	2647
8123831620177386232	75	-83	1232	-1296	1346
1998936126953647173	-119	9	-1952	112	1921
1309040959038856536	-144	62	-2304	960	2496
-1703867191671866839	-124	-3	-1952	-48	2256
2333891349242742113	54	95	864	1488	1740
496141226300874015	82	23	1328	320	1378
636597239679673734	68	73	1120	1152	1607
5532291509609593234	116	-30	1856	-416	1902
-5612428718271870583	67	-117	1040	-1856	2190
2126162816434851322	-150	-12	-2400	-176	2372
252102421495462071	-66	-97	-1024	-1472	1303
7164846374534413203	-55	94	-928	1472	1789
3629239192071886290	113	-92	1792	-1440	2299
8383633023691656110	156	72	2432	1152	2691
2720075017297725117	-103	30	-1616	480	1666
6272289223388162954	10	159	192	2576	2701
-5586251545431595351	88	-56	1392	-912	1176
-6072077355233253361	21	99	384	1584	1712
6663820915994443726	-18	-123	-288	-2032	2052
9213421255040135373	117	-95	1888	-1552	2411
-7699284195595785306	32	-149	560	-2400	2461
1146629897491360247	24	-139	400	-2192	2168
-7385158121583922623	-26	145	-368	2368	2396
2916826026026337957	112	65	1760	1024	1983
8920968754244041743	-27	-85	-400	-1344	1925
-2975571136431124290	87	17	1408	304	1360
2851242356456529784	-81	-132	-1296	-2176	2533
-3258734963000516917	43	-88	672	-1440	1574
1925471158057803176	112	-91	1840	-1472	2240
3256284847947307266	-4	-165	-80	-2608	2769
348648338526713331	54	97	912	1536	1786
976619011569371165	119	14	1936	224	1939
-4266696854596095489	-114	-96	-1824	-1600	2426
-7346877524739820285	-126	-59	-1968	-944	1694
-1626180098070588593	9	-102	176	-1616	1626
4648741557741233803	139	-20	2208	-384	2241
-1383548668144541743	86	-89	1344	-1392	1935
-3029051381994603952	-27	104	-464	1696	1801
8296657255912576730	-65	-97	-1072	-1520	1837
2446199864981689088	-35	-97	-592	-1536	1596
-7110720019273091401	-154	-31	-2464	-448	2504
-9093711230197667743	49	-117	720	-1920	1892
-4662169196864805195	87	58	1376	960	1678
-5410329684961103211	-91	37	-1440	624	1604
4818470968704289289	15	-137	224	-2144	2156
9076342941406781418	-64	65	-1024	992	1426
7718226178778924292	86	48	1392	768	1600
-5564859447173639554	-149	52	-2416	816	2621
1065846579199394835	-107	-4	-1744	-32	1760
-1283062101450371646	-49	-103	-736	-1664	1820
5558750157457447252	-92	-69	-1520	-1216	2010
1465259571154413714	-48	125	-784	1936	2089
8668485700156869661	39	-100	624	-1648	1807
-8833065401757593010	126	28	2016	464	2037
-8412541786550535368	12	-149	160	-2352	2930
-3364288079244747565	-137	-52	-2224	-896	2377
4556136290417331787	67	-143	1024	-2288	2507
-5632694916552685575	120	-20	1952	-272	2048
-22054205778344864	115	10	1792	192	1820
-589789233803335114	50	-127	864	-2000	2417
6486210205726065957	87	-47	1408	-800	1619
3740984757870941611	155	-43	2448	-672	2539
-1923699148429360732	33	82	480	1344	1422
-351379928523182174	96	104	1552	1632	2241
7785780173206538307	-154	78	-2528	1248	2726
5918193702731362190	67	69	1104	1088	1493
-7333929675782883275	80	-84	1232	-1392	1122
4048073957467430984	-37	-99	-608	-1552	1652
-5488579728465842770	75	59	1136	944	1477
-6735513875292807542	-9	-94	-176	-1552	1462
-3483633469354002044	130	42	2128	672	2171
-6722284551386142064	117	86	1904	1392	2555
-2032911439385217050	114	35	1872	560	1972
3053622864756002534	40	-122	672	-1952	2064
1009270108907662959	-41	-125	-624	-1984	2161
3036452891179658819	64	-84	1072	-1360	1732
8607968580191061241	-48	106	-736	1648	1805
-1496420133765028548	-135	41	-2128	640	2222
-229782738565677605	55	75	848	1184	1469
5254757182641512406	-42	-146	-640	-2320	2407
6735878510094259483	91	-41	1408	-640	1520
-796954816635740829	96	-82	1536	-1296	2010
3254033048185852867	1	155	64	2480	2481
5474870614435533130	156	46	2432	720	2536
4308719785923291983	121	67	1968	1072	2227
-8052816766277859126	127	-65	2032	-1088	2435
8740824769210165371	26	161	416	2512	2546
7650109234456840275	-69	-114	-1104	-1856	2027
-8396779187815204342	-87	32	-1360	496	1480
-8660521240992704389	-140	21	-2272	336	2265
4544314341435254808	-84	78	-1312	1264	1777
4447205474471830825	-117	37	-1888	560	1749
-9061060132848077132	-30	-81	-464	-1296	1392
1158170371609206139	-95	-55	-1568	-896	1795
5080242697096576460	69	-66	1120	-1104	1683
7775365599101835129	-41	-135	-640	-2128	2227
-6890043637476583609	54	-122	880	-1936	2127
3889885020588580881	103	-13	1600	-224	1616
-626662455706513964	69	92	1104	1520	1260
7308398612746120010	51	-109	864	-1760	1961
-5944569190698381343	-10	96	-112	1520	1524
-6925228009554195182	-119	-38	-1904	-576	1989
-8692609388319028143	69	87	1056	1392	1747
-4205335309597551524	87	-37	1424	-576	1536
-9016305611535002368	-1	-123	-48	-1984	2167
7361034433399849269	17	101	224	1616	1110
6670576315534024798	-147	-16	-2320	-240	2514
-4151292114060006812	-123	-110	-1936	-1824	2660
-7065121072967739842	22	-141	384	-2272	2367
8396580872725725747	-88	-65	-1360	-1040	1864
-7143652591469270116	27	100	432	1584	1649
-8677409739565559046	17	152	320	2384	2405
7491920297578541861	-124	-33	-1968	-480	2000
6825950502682237827	-132	-40	-2112	-704	2226
5376072897646830565	152	-41	2416	-672	2539
8675522574651500015	-94	-45	-1504	-672	1713
8791771740033905525	131	-26	2112	-448	2175
-6959849431669990806	129	-50	2096	-816	2160
4685896254757349069	-164	-28	-2592	-528	3097
7408885179456498541	-74	137	-1216	2176	2507
1471170545747095503	-148	29	-2432	448	2473
-3183581144116973165	86	91	1328	1504	1399
-2332119339567152682	36	103	544	1664	1802
1703105926557140986	-133	37	-2144	640	1676
-1314024348804357780	-81	76	-1280	1168	1709
-8737926859547322826	139	86	2240	1408	2490
-3164722320676265324	134	-33	2096	-512	2158
-4997687369014548588	-18	151	-320	2384	2401
-2833707748061160320	-7	148	-96	2304	2306
-2087799059777213303	76	133	1200	2160	2471
-5373174987942397987	95	60	1568	928	2241
304738242266191555	-142	-16	-2224	-256	2302
6787106955912908602	32	102	560	1648	1741
-1885981501471270650	57	-150	944	-2368	2547
6445396334187767461	8	-109	160	-1712	1737
-5970746363491493416	102	57	1632	944	1891
5875972456307762695	26	-84	448	-1344	1366
2173450612656317217	100	-31	1632	-560	1725
402128584216678552	-6	100	-96	1664	1635
-6611101935505160647	-131	-59	-2064	-976	2333
-3915979033500594114	94	100	1472	1600	2219
-7834110709311827172	-67	-95	-1040	-1504	1829
529918223645736989	-95	72	-1584	1136	1965
-8854457499887349661	102	80	1680	1312	2076
612953341777783443	-147	-39	-2336	-576	2257
2106178093229226606	53	72	848	1168	1418
6471854982013118877	-110	54	-1808	864	1500
-6681189204696938052	92	-2	1504	-64	1584
-7369114047777377894	59	-90	960	-1472	1753
-6641782707957018081	-137	-56	-2240	-912	2682
7368915732793014356	-71	-66	-1168	-1024	1553
5924104677337519675	77	97	1264	1600	2332
4591883612566551844	-120	111	-1968	1744	2968
6343783867614279436	-82	-56	-1328	-864	1584
1924626733260221860	38	155	560	2464	2655
-8923418869167577280	-158	45	-2512	736	2598
-6082491929224604102	-5	81	-32	1296	1296
7517534520505219227	24	-100	384	-1552	1596
2082534195201077624	-48	-85	-800	-1392	1606
4125198101190706388	-8	-105	-128	-1728	1733
-2211366574519426700	-112	81	-1824	1264	2219
-3780871044656982829	77	-67	1248	-1088	1656
-551227161877613966	-90	117	-1424	1824	2369
8837089211330516291	-137	6	-2176	64	2177
6575719248437275892	89	109	1408	1792	2321
-2216996074049538258	129	-52	2096	-816	2302
697114359836003588	-40	102	-672	1648	1860
3452472906856711272	106	16	1648	208	1598
4729243401216741044	-36	145	-576	2272	2554
-3325444532334408015	-75	94	-1232	1568	1974
-1414229440468250814	-100	35	-1600	576	1701
-933470180245683666	-76	-88	-1280	-1408	1939
-4697072093842564118	104	111	1648	1728	2317
-8877256972971433148	112	77	1776	1200	2143
-5099862785512586853	105	31	1728	512	1802
708373358913082231	-9	-91	-160	-1424	1433
3415036734963201347	-14	-121	-192	-1920	2106
-7749105266311017679	128	-113	2016	-1840	2752
-8398749512556861318	62	105	1008	1648	1854
192429726605910944	-41	-134	-720	-2144	2373
8312701329733054590	-7	96	-144	1520	1527
5613637778055426206	-117	-88	-1824	-1424	2285
-3723731624366901755	149	-22	2368	-416	2404
-5777654529423925710	-15	105	-208	1680	1729
-632010480174857436	42	-135	656	-2112	2212
-6768727922420528034	-1	112	-64	1824	1874
-8106015536771343750	86	-76	1328	-1216	1801
-9025875760661517498	22	-93	368	-1472	1576
1909145609571170033	-27	-91	-400	-1440	1453
4236943666969594764	28	-90	416	-1456	1478
-3065924603788294149	84	-41	1328	-608	1498
6403456562713205273	-122	-75	-1952	-1088	2235
-5498149877543146758	-117	-92	-1856	-1440	2517
243658172377798344	129	73	2016	1200	1842
-6012123185016263203	8	-163	96	-2640	2642
2203005485262073338	-89	69	-1440	1136	1834
-81445425718390490	66	-81	1056	-1360	1727
-2241202922016916075	69	-146	1152	-2336	2748
-5762736355643204652	122	-48	1952	-832	1979
-8834191301509790206	23	88	336	1376	1416
3871307672232970014	-4	86	-48	1408	1409
-4331717574044482738	-99	-48	-1568	-816	1768
8308479205102704473	63	106	960	1696	1649
-6452068573603066142	-78	-101	-1296	-1600	1980
-5806364977025099551	87	-95	1344	-1536	2121
609294167141298596	42	-107	624	-1728	1837
-4774477712402286152	-65	112	-1024	1792	1815
1881561061875532957	-80	-139	-1328	-2208	2577
-4787707036305767467	3	-101	32	-1568	1568
-3945533905987010952	-13	-151	-224	-2352	2363
-7054706498732664295	78	55	1264	832	1527
5921571402605331529	41	-90	608	-1472	1569
-5686738111918328150	-80	-123	-1232	-1968	1680
-4108226442524283088	167	-30	2704	-480	2722
-8612670494822904089	-53	-75	-864	-1264	1563
-5679982712473247242	102	-62	1680	-1008	1976
-4510735659216681695	109	123	1696	1984	3214
5120775093868649429	-89	32	-1488	528	1509
-2156478954007298816	-135	39	-2160	560	2247
6305221795869319131	5	151	96	2432	2493
4629319784534440091	86	74	1360	1248	1857
-3808737067297014287	88	36	1440	544	1539
762698029464592342	151	-38	2464	-624	2161
-2871706869820665154	13	84	240	1360	1555
7795913272536890092	77	-142	1264	-2272	2600
-4326088074482290098	-43	84	-752	1328	1511
2275626029291072840	100	54	1632	880	1854
1065565104413272142	-88	-74	-1424	-1232	1709
652641313579319436	33	130	512	2048	2119
-2883528818834888946	-100	48	-1600	800	1789
-6234488416575080912	-112	5	-1840	16	1840
4674637255800557817	112	90	1776	1392	2264
2455207064437174574	88	90	1456	1440	2003
8966286225708634040	27	-92	448	-1424	1513
3273454821735793747	-4	-81	-48	-1248	1274
-3370480528541968521	-41	97	-704	1552	1704
3424325409253384483	-70	-56	-1152	-928	1479
-5405544610159715439	96	-43	1520	-736	1674
-3853210113598961879	110	71	1744	1088	2056
-9092303855112931112	47	-116	720	-1888	2022
-4351983772327932497	-52	-110	-816	-1792	1980
-380653325917157928	18	115	256	1792	1810
3895233045294685450	-31	149	-512	2432	2485
-5762454880624091218	65	-153	1040	-2416	2614
-7101149869857114454	-116	-109	-1920	-1760	2605
-7580501755194046848	161	-18	2528	-304	2489
4929090634758070035	11	-131	192	-2064	2073
-93267374690154458	111	30	1808	464	1867
-2886062093612528043	-162	-30	-2528	-480	2573
-7914049602594382282	39	-111	608	-1728	1822
5577608981102316717	14	-90	208	-1344	1434
-6646849257440668238	59	-124	992	-1968	2204
6264407924279269151	-139	7	-2176	112	2179
-1625054197943556408	-19	105	-320	1696	1720
3384637437558190748	-54	110	-896	1776	1682
-7433008867385538747	-153	-24	-2416	-352	2400
-4728034341195415351	91	126	1408	2016	2512
-4218564633349040767	64	-48	976	-784	1142
-8847702100332210265	91	-81	1424	-1264	1227
8722528895902589888	9	-162	112	-2640	2642
4625942084856358253	-58	-79	-912	-1312	1598
-8999135637798861108	-24	139	-400	2240	2230
-4578571128557474763	26	-86	368	-1392	1459
-584159734056439656	-30	102	-480	1664	1732
7798165072388980527	158	-53	2544	-880	2692
-3559350237885611436	-61	-69	-960	-1072	1439
-3760041896277388093	-47	-142	-752	-2224	2348
433372306758746709	24	-89	384	-1376	1482
7332886935890353276	-33	144	-544	2272	2336
-6901302636366481614	158	22	2464	384	2537
6583882022865588094	-94	-126	-1536	-2048	2455
4326734184624681070	37	96	560	1504	1548
-2086391684749998482	88	-74	1376	-1216	1836
-7592605179163218035	82	46	1344	704	1517
6852127675675855315	129	-24	2064	-336	2091
3278802846334203064	-92	-9	-1456	-176	1467
3992623387273736351	105	37	1648	560	1771
3995438137041002627	-43	-83	-704	-1392	1560
1142407773101899083	36	-116	544	-1872	1933
-8861775849147761660	-127	11	-2000	192	2009
1842717515158550926	-133	15	-2144	192	2338
-588100383713315785	146	-40	2288	-640	2376
2370201621517882396	-88	26	-1440	432	1503
3800375978188798633	-63	123	-1040	1936	2874
2807050785376961180	55	-107	880	-1648	1868
-110437348226326593	-90	74	-1392	1200	1850
4855907140857310813	-117	15	-1920	176	1820
-6937049958388258917	94	2	1520	16	2163
8030663403177599478	-79	-154	-1232	-2480	2555
-5645924240215846418	-4	-106	-16	-1696	1696
-3479692819450140236	-72	-134	-1104	-2160	2225
-6473460671743171083	4	-139	96	-2256	2193
-905604157427609342	-94	-19	-1456	-320	1645
6429915210629101376	3	112	16	1776	2196
-6573384288471872115	-112	-10	-1840	-176	1848
2333609874560578929	24	-106	384	-1648	1689
347522438891189201	50	127	752	2016	2101
2204412860252260488	-95	83	-1488	1280	1907
6972880440707607096	66	-106	976	-1664	1992
4582313463506778991	-65	-102	-1008	-1648	1957
-307188356931696817	-7	-129	-64	-2080	2331
-6426454350618851807	66	-118	1072	-1936	1572
-1874441027252779956	-119	86	-1952	1344	2370
4645645333274341849	-122	-71	-1936	-1120	2179
7906814413444461080	-97	-115	-1568	-1760	2372
-4492721260612777400	108	-16	1760	-304	1786
6058086766412220837	-96	3	-1552	32	1552
-6607724235613464358	-102	-27	-1696	-432	1655
5439686242579557204	87	86	1424	1376	2143
3720718559809015406	145	-73	2288	-1232	2599
-8028046968093181105	52	111	864	1760	1996
896117168518722576	95	24	1472	416	1530
5333288701386528429	98	106	1600	1712	2343
8379410899349956096	-30	98	-512	1552	1619
3523404601139198288	-102	42	-1648	688	1786
-2802464025455766864	-47	114	-800	1856	1984
-2178996952041397509	-21	-162	-288	-2608	2624
-2191381851013913836	-60	59	-1024	944	1338
-3851521263653167303	24	132	352	2080	2097
-8620270319084740516	-7	91	-128	1408	1428
6987235664544553685	-12	164	-208	2592	2361
-8204250303505178650	-162	44	-2576	640	2583
7241126093538672043	116	28	1904	432	1952
-5474787454341110205	97	-77	1520	-1184	1927
-3068739353417221417	99	33	1552	464	1619
-1840382555051570123	-134	62	-2112	1040	2354
-4564215904679985516	134	-24	2112	-432	2156
-5181209053629573342	-124	-97	-1968	-1600	2536
-8395653287665152814	95	57	1552	928	1956
-8394245912781271174	-158	54	-2544	832	2672
2634788099676152615	131	-57	2080	-912	2503
1228820591007074250	-142	-28	-2288	-464	2335
-9181812897612848506	92	94	1504	1456	2093
-6882443812863419532	-26	-111	-464	-1824	1882
8055714676149357422	114	28	1872	416	1930
-6242369715820898140	101	133	1568	2112	2692
4215270093911287597	-45	-159	-752	-2496	2607
-8456733357602074127	-38	-93	-624	-1520	1553
5437434442793035310	-78	-68	-1312	-1088	1725
805482226043651822	144	47	2288	784	2419
2431000216547874576	29	-161	448	-2560	2576
-1408881415738707116	8	105	144	1728	1734
-5706722835133439066	86	41	1392	624	1388
-5229622749608388638	94	30	1456	464	1528
-2781634877155692003	-111	-108	-1824	-1696	2491
3880314871632133404	-49	117	-816	1840	2215
-5334049965967534825	-143	40	-2256	640	2340
8931101853729188326	147	-20	2304	-304	2070
2769333138557346078	-82	60	-1296	960	1613
5715250244811466138	-132	46	-2128	720	2208
70269586881556835	-81	-129	-1344	-2096	2446
-2822448748772627144	-32	-133	-496	-2112	2169
-3689110202064641128	-112	-12	-1824	-176	1806
-2290179567812307669	63	132	1040	2080	2326
2701497669176452274	107	73	1728	1200	2104
-5867726521802041844	-51	-117	-816	-1920	2086
-6979552679806511786	109	-72	1760	-1200	2109
5516247436287878994	96	97	1488	1568	2048
-3569201861978659688	-30	-85	-448	-1328	1489
1499880993609821094	34	-88	576	-1376	1492
2159939813997907175	-71	-91	-1168	-1488	2161
-7097209220061039632	-27	-86	-400	-1424	1517
-7988077521347829494	-135	65	-2192	992	2248
8143816343893357872	-102	-86	-1648	-1440	2244
1563775813329189614	-93	-43	-1488	-736	1752
-3481944619185223684	-146	55	-2288	864	2480
-507598540281993783	7	-131	80	-2080	2082
625901190935793227	73	50	1168	848	1354
-8710623786556093803	-24	-101	-432	-1600	1657
4820722768855627464	92	-10	1488	-128	1497
-3740057172821882576	130	-17	2096	-240	2112
-5000783593507590246	-38	-155	-560	-2464	2527
943967914622694094	156	-36	2528	-576	2623
255761596565844278	49	120	752	1888	2026
-1471087385553326463	111	117	1776	1824	2546
5094034971246755679	-110	-59	-1792	-992	2048
9207510280896567745	94	32	1504	464	1564
-7831858909258498147	-90	64	-1456	976	1753
5612793353326235875	-98	-47	-1568	-736	1649
2894589503234126047	33	-160	576	-2576	2640
6161951032892390321	123	-23	1920	-352	1952
-8762133707282254828	-88	-87	-1424	-1424	1954
3460635681402198772	51	117	752	1872	2017
-1242811179432253861	7	104	96	1680	1683
4970185981502204675	-32	-123	-560	-2016	2146
2876856579706164473	-83	-90	-1312	-1408	1925
8590798606932841491	39	-73	608	-1120	1274
5651073950166954387	88	-88	1456	-1440	1980
-255959911082768292	64	-82	1008	-1360	1693
-6716092101568946093	77	62	1264	976	1691
4152782649138302653	24	-118	368	-1824	1861
5989406872175703489	-50	-85	-832	-1312	1086
5215069211244809097	141	4	2288	96	2290
6788232856081436836	22	152	384	2464	2412
-8163999381765286528	90	-16	1376	-272	1306
-6698640653007803849	114	-124	1792	-2000	2661
-2506915299832021609	158	-30	2512	-528	2583
-6279805887660966756	21	-89	304	-1392	1354
-2926031540153220266	4	108	64	1680	1696
2492080286551220716	147	-73	2368	-1200	2498
3416444110069939785	-105	-8	-1696	-192	1719
3491316453876877365	66	125	1088	1984	2322
8053181401427179385	113	-19	1824	-272	2562
713721383699375189	26	109	432	1760	1851
7571859191256646511	-131	9	-2096	112	2144
-4680465069980303017	-9	-124	-208	-1968	1711
9181896058043396927	-19	127	-352	2016	2046
8212777713228914020	119	116	1856	1840	3271
8171682366630032008	21	82	320	1312	1457
2713601093233907225	105	-102	1680	-1680	2354
-653684053155367127	-127	6	-2000	80	1970
5093190546346574971	96	66	1504	1008	1811
6301844096342921182	123	-34	1936	-528	1921
-4978828545288189016	52	153	832	2416	2555
4526862893207570744	93	-80	1440	-1264	1269
2255922781106196934	-53	-140	-800	-2240	2379
-1442939887844366605	-73	-80	-1200	-1312	1766
7723855678693530166	-93	72	-1424	1152	1832
5284593530519157661	-147	-7	-2320	-64	2321
-8892175146489351875	-128	-12	-2064	-144	2069
1267382662905725749	111	-62	1824	-992	2076
2052697847929828513	-105	-15	-1744	-256	1726
6335058143607133638	71	77	1168	1248	1666
1895634810926938589	40	107	688	1712	1914
6836083602152900754	132	-18	2144	-224	2156
7646731535079681924	-138	-33	-2240	-576	2364
-3924704757495104577	118	21	1904	288	2452
-7553480157247025950	20	-84	336	-1296	1339
7350056909629327945	-88	75	-1360	1232	1117
-2285957443082853280	-84	122	-1328	1904	2303
-7892376029204990465	67	-49	1072	-816	1347
4020207935143922148	143	-29	2304	-400	2024
4079036205277885555	29	154	400	2464	2496
8708455147240737050	-98	112	-1536	1856	2454
996040785370313978	74	-72	1152	-1136	1618
1294122785707475580	87	19	1344	288	1358
-3406227850383202612	-76	145	-1232	2352	2655
1281174936780541286	-82	44	-1376	720	1553
-237945512525296078	-4	-126	-80	-1968	1944
-93267374493791177	-68	-102	-1104	-1600	1944
-6183541445580446515	-148	-67	-2336	-1072	2619
1390668702726740724	80	147	1264	2384	2698
-5913325467937487734	-112	100	-1744	1584	2449
1157325947036851467	88	-49	1392	-816	1600
6978509940391818389	96	-31	1520	-560	1620
-8764104032054963478	-161	-8	-2608	-80	2609
8981204399693713020	49	-102	800	-1664	1804
7823497820483051783	-115	-71	-1808	-1136	2135
4069747531069930568	155	-3	2496	-32	2496
-3376954452785658640	-147	25	-2352	448	2354
-8920322644123922245	30	-130	496	-2048	2107
2085067470287748435	-45	105	-752	1712	1798
1965159130209061052	-93	-94	-1488	-1536	2139
-8453918607711572260	-115	-97	-1888	-1552	2444
2601855527530502812	-97	-2	-1504	16	1504
4853373866239869372	114	61	1808	928	1954
7935806336198530230	63	-97	992	-1584	2039
-5797076302537548196	53	113	816	1856	2027
7698522930832034812	-133	6	-2176	80	2196
2128133141728557127	-103	84	-1696	1328	2164
37899964675312675	-60	-64	-928	-1072	1418
-5468313529737705460	12	-144	160	-2352	2557
2633380724928267162	70	140	1136	2272	2462
-2765027853404449727	-27	-105	-416	-1632	1684
643915589538333085	-81	-29	-1264	-496	1341
5926637952445927241	-13	-144	-256	-2336	2331
-7300997103094499953	157	20	2496	368	2448
-6771824146878409476	-134	-90	-2160	-1392	2570
-5416803608992972127	24	98	384	1520	1568
8326212128907156221	97	14	1584	192	1596
-5788069103271759885	73	-68	1104	-1120	1612
4991015129864598194	-118	-50	-1872	-752	2011
-5718263309044705482	-66	-62	-1024	-1024	1448
6568119424375472394	-12	-87	-160	-1392	1401
8454564718291156321	129	-1	2112	0	2112
4830292918164773401	55	-97	912	-1568	1814
-3314185532957750530	19	101	304	1552	1581
-5920643817297409992	-123	93	-2016	1504	2515
-6422513700770708949	29	-93	480	-1472	1073
-4521431708066918829	-128	52	-2080	848	2246
1048958081037489942	42	-91	720	-1472	1639
7134728552498926568	-141	-98	-2320	-1584	2809
7206786146538835745	19	89	256	1408	1431
8624294129254096181	107	-57	1728	-928	2108
-5515319850827234614	101	129	1648	2064	2523
7282784390253072969	113	106	1760	1712	2455
-3139952522364790056	-134	53	-2224	848	2380
-7793578312321830922	-21	-98	-416	-1552	1618
773394078844141125	45	-125	720	-1936	2231
-1824057006238702926	153	-43	2400	-736	2464
-1659957094814783730	58	106	944	1648	1899
7509653221488406008	-125	70	-2000	1072	2269
8292998081674317505	44	-151	720	-2464	2567
-8326973393182900348	108	25	1696	352	1763
2072964046322459459	75	104	1136	1664	1940
-2860447870482893095	-119	20	-1904	288	1926
-9052334408163264870	105	92	1616	1472	2694
-7237383758331552046	73	117	1200	1888	2639
-6210000093336902344	43	-116	704	-1872	1985
3621920843167299301	68	117	1104	1904	2201
-331676679710311048	138	-61	2256	-960	2452
-3186395893505804491	32	-89	464	-1424	1587
5375228473103243557	-165	-30	-2640	-512	2689
-9019120360901610211	69	-101	1072	-1568	1899
1552516814397296192	-38	148	-608	2400	2538
-7167015014143781801	113	82	1792	1248	2019
8254717484856646923	-94	-118	-1536	-1904	2446
-3682636277442183749	-38	98	-576	1536	1628
-431318821456427649	39	-84	608	-1296	1432
-5592443994422672956	61	-112	992	-1824	2076
-1444910212589372987	-96	66	-1552	1008	2202
2442540690762514155	89	59	1408	912	1678
-7171518613765407395	127	13	2016	160	2022
522881349598509694	157	-51	2512	-848	2486
-3826188515556673164	-67	133	-1056	2176	2419
-8344143366739250439	-103	-113	-1600	-1792	2272
606197942707420844	-29	96	-496	1504	1584
857836571890354026	163	-8	2640	-112	2642
-8690357588087403534	-94	105	-1552	1664	2275
-2474545677383889306	21	98	320	1616	1528
-5294361994070775065	-123	-109	-1936	-1776	2783
3593210395569651825	-29	-143	-480	-2352	2400
-3040873330523797324	112	-62	1824	-992	2351
-8578330547352034671	49	-136	784	-2160	2520
-8956351441073497772	-72	-113	-1216	-1840	2206
-675076151268704935	49	163	720	2608	2706
6457218283606106609	-21	90	-288	1456	1484
1386728053141313302	132	29	2080	480	2038
8597835481491755242	-64	122	-1008	1936	2183
5748182817273535911	-113	-52	-1808	-816	1984
-4396175343377571919	-16	139	-272	2256	2267
4090295204449671633	44	111	672	1776	1938
8479334516299501366	137	46	2224	752	2348
-8407756711453924447	-140	-45	-2192	-720	2345
-2779946027100993523	-98	-96	-1472	-1552	2139
7152180001111681803	105	19	1712	272	1733
203970201010126066	-87	74	-1376	1200	1622
9131230562366284131	102	-20	1616	-288	1641
63795662612156580	-118	18	-1856	320	1876
315997241746945383	106	-69	1664	-1136	2015
-6195926344452934751	106	93	1728	1536	2312
5571979481867656192	-104	-11	-1632	-192	1643
-4280207652958135142	-77	-43	-1232	-640	1388
-3694458226420641128	-86	-66	-1408	-1024	1741
1020529108459619679	155	61	2432	944	2721
7352027234589369186	30	148	480	2304	2353
-2508885624514685247	-49	-98	-784	-1536	543
7809705546721867531	-35	98	-544	1600	1552
697958785151104281	-70	-108	-1152	-1760	2103
-6963227130958778423	91	22	1440	400	1420
670092762461148098	-4	-142	-112	-2304	2279
9080002116622850513	-129	-17	-2048	-224	2064
3187886429138770605	84	-112	1328	-1840	2311
4508848494842031891	-16	-94	-272	-1520	1610
-5414551809091242573	101	83	1584	1312	1685
959730513499410364	-8	136	-160	2160	2106
-8776770405897038927	-35	-84	-528	-1376	1483
-2084702834599632578	36	100	528	1600	1607
-6200148469085897425	-73	144	-1136	2272	2447
-2937853489008879649	67	-81	1104	-1328	1784
-1580299676332270867	12	138	192	2272	2192
4437072375788236269	21	-112	336	-1856	1905
-6706521952186425913	116	-62	1904	-976	2140
-8493043629368267397	-130	60	-2096	1008	1943
7066611608220762576	136	54	2208	864	2371
-4520868758025500345	-46	-106	-752	-1760	1914
-6143009048808448073	135	-100	2160	-1648	2717
1005892409689927401	92	110	1440	1744	2262
5075739097951156287	25	-125	432	-2000	1883
-7569242755797755907	-85	-151	-1360	-2448	2800
4215270094147368100	130	96	2048	1472	2874
2966365622482694178	14	90	176	1456	1512
7314872537687263510	120	-34	1888	-576	1974
-2626542164756264949	-87	-143	-1408	-2304	2687
5539609859573791450	-114	-114	-1760	-1824	2535
-5338835040338922265	123	-48	1952	-736	2095
-5987916336633118482	-32	119	-480	1936	2236
-7246390957505561345	-76	65	-1248	1056	1635
-303247706983769411	9	-109	80	-1728	2279
8808378764118460078	-129	-33	-2096	-560	2158
-1952128120552909552	-110	-35	-1808	-576	1898
3340445866538403239	-110	17	-1696	272	1718
-7708291394283074833	-24	103	-384	1584	1630
-6421950750715337397	70	105	1104	1728	2083
8026722753796562976	58	-77	976	-1248	1584
-8454481557541334435	62	-157	1024	-2528	2728
-2892254542761145201	10	-101	128	-1664	1669
-8440689283681422352	99	86	1536	1376	2192
7569044441668178408	-66	136	-1088	2128	2390
-6725943725559092185	165	-17	2608	-240	2619
9180770158313639236	123	12	1952	224	2340
-5053982363897439471	-84	-72	-1376	-1152	1795
-7372210272086386163	99	-109	1568	-1696	2299
-2483271401598524456	54	92	896	1440	1745
-3547246813564525778	34	125	592	2016	2101
6281859373171661978	59	-76	992	-1232	1627
-8552434849433064988	-64	78	-1072	1264	1657
8385884824086579611	35	-121	544	-1920	1996
6218808978393536237	-124	-84	-2032	-1344	2436
-7313100526970054418	110	94	1792	1504	2340
8569125033928786870	117	-34	1888	-576	1903
1611626559595412068	-72	130	-1152	2064	2640
-3323192732095245180	28	157	384	2560	2707
7062952433552089614	140	-81	2224	-1328	2877
-8897241695894945485	4	-152	48	-2400	2400
7055352609182130911	13	140	256	2256	2270
3399837086641903721	111	7	1792	128	1936
-2248521271010385276	-143	31	-2304	464	2156
8023345054092265180	106	-39	1712	-672	1881
-5409203784493589010	-140	56	-2256	944	2619
-3520788165740989369	-89	39	-1456	656	1597
3038423216547904247	9	98	208	1568	1889
-6368189030145114491	-93	29	-1472	432	1534
-1068578168635278724	-56	-148	-848	-2368	2470
1165207246541606113	-84	113	-1392	1776	2259
-7254553731803496511	139	-65	2160	-1056	2404
-3190899493030934087	-27	-92	-416	-1488	1549
620553166608819420	116	27	1808	464	1867
1566027613380066538	72	-72	1184	-1104	1619
7839823369288145625	-82	5	-1328	112	1333
-6458542497659047333	63	-105	1056	-1664	1971
-8872753372905802640	-80	92	-1312	1424	1903
-4111041191891404065	89	-41	1472	-672	1616
-3390183776533557212	-68	131	-1040	2080	2254
3693696962345097686	-60	-73	-992	-1152	1631
-8279404121995111006	102	-115	1600	-1840	2561
-1639127946413807665	109	-94	1776	-1568	2388
-7094675945018820137	125	37	1968	560	2046
-623284755463519196	42	-123	640	-1968	2191
-1951283695583680234	-130	103	-2032	1632	2606
-1212974831671168164	63	-131	1040	-2112	2354
420142983204234293	-22	-145	-288	-2320	2489
2133762641418902439	-7	-156	-144	-2512	2531
6368835141007551656	33	-163	464	-2624	2665
4385280980128236810	47	-95	720	-1488	1156
-3145863496740957549	-29	85	-416	1360	1473
1032914007506600168	-91	65	-1440	1072	1795
-119163072166173323	47	126	720	2048	2171
8661167351347234969	90	-41	1488	-656	1721
6833550327565022672	11	102	160	1568	1536
-6963508605860149680	109	-10	1760	-192	1770
8561243734617436296	-24	122	-400	2000	2031
870221470977441746	-36	-137	-592	-2224	2306
-5738248032235057926	-38	-97	-608	-1536	1652
-2338311788547003085	41	-120	672	-1952	2064
5579016356370843919	-91	-22	-1504	-368	1525
1431201099562732864	127	-86	2032	-1408	2472
-515761314343346288	68	-73	1024	-1168	1508
-6131468574697553360	-46	88	-720	1424	1412
3254595998696606648	99	116	1600	1888	2501
-2824700548299753265	33	-150	544	-2368	2430
-6730165850159956842	92	-94	1504	-1472	2152
1514517692672749005	119	11	1920	128	1924
-3195403092625996123	-49	-93	-784	-1552	1660
1835399166126642448	-19	-122	-288	-2000	2284
1565746138438062423	-8	126	-128	1968	1972
-115222422476754946	85	-14	1312	-224	2108
2505872560653213241	52	-82	768	-1328	1534
-810465614951470464	-60	70	-1008	1104	1495
-5852526872767274223	-14	-170	-272	-2768	2781
6371931365777343329	-1	153	-16	2400	2480
-2209677724176830304	-159	-5	-2560	-112	2422
-655935852732900702	-119	42	-1904	640	1919
5643474126052171088	36	80	592	1344	1469
1241486965274751561	-41	84	-720	1344	1505
-8147673832862470996	71	-64	1088	-1024	1494
1023062383348382391	122	45	1936	672	1979
4520670443955055248	-130	-91	-2048	-1504	2637
-5113655058896720616	-147	-28	-2352	-480	2389
7297421089206762652	119	-73	1856	-1168	2586
-9169146523342674497	-21	105	-384	1728	1770
1022217958422308045	98	-12	1552	-144	2017
-8343298941671208358	32	107	464	1728	1785
9128697287689662083	65	97	1056	1504	1754
1569686788128493719	64	-96	1072	-1504	1847
6481425131730383129	-83	-54	-1360	-848	1603
8270761558680344352	-78	-47	-1232	-800	1469
1460474497168201032	101	139	1632	2176	2720
-6362559530551000614	7	-147	96	-2400	2235
-6135127749368463555	-110	39	-1760	656	1781
-8498391653830096386	127	-99	1968	-1600	2536
-3237342864130902446	-27	89	-480	1440	1518
799289776879613359	-91	61	-1488	944	1762
8960656726605539173	87	83	1376	1280	1879
2049601623428867021	120	97	1888	1536	2557
-5965961288360449450	93	46	1456	768	2192
-8227331251253709694	-139	-31	-2192	-544	2258
6952332767776162197	81	135	1248	2160	2495
-7257368481507720631	93	-53	1408	-880	1660
-896315482822047298	-1	-134	0	-2176	2176
-3917949357808841914	54	-87	832	-1376	1782
-6310205184872635496	57	-141	944	-2256	2464
-7126482617332412770	24	98	416	1600	1631
3936609867304822986	-60	-155	-928	-2448	2645
-8646447491565645970	108	-121	1744	-1984	2642
-3257046112484263514	-41	-167	-688	-2704	2790
-6727351100349341000	47	77	720	1216	1413
-1278558501182588262	-104	68	-1680	1136	2028
5871187382246107597	-97	124	-1600	1984	2566
-5907695968163932896	-92	-56	-1504	-912	1692
-4095841543077317361	100	43	1552	672	1679
6447648134550956008	-54	-137	-880	-2192	2324
1260345788750387202	-163	30	-2576	480	3107
-9146910000148620440	124	-15	1952	-256	1969
-9083859605365344753	-78	97	-1248	1600	2029
9070994917498358822	106	-24	1728	-384	1770
-559952885632886071	-78	-64	-1200	-1040	1160
-3022858931850916518	-95	81	-1552	1328	2088
-1733985013492263045	16	135	240	2176	2193
-809621189973664194	-119	13	-1904	176	1912
-7783163737978706683	146	-29	2368	-512	2322
-3999014151079618966	-83	-136	-1360	-2112	2512
-236538137386116946	129	29	2064	400	2102
4317164035839736919	-152	10	-2480	176	2502
2832946483644950859	-9	-152	-96	-2432	2385
9084505716390587942	95	-39	1568	-592	1676
4904320837261201101	13	109	240	1760	1776
3538322775284432260	159	-3	2576	-48	2770
4631008634875734252	-1	137	-16	2256	2623
-3226646814977684792	44	-151	688	-2400	1967
-2094554458647376154	-38	107	-592	1744	1821
-3955385529681274966	-63	-70	-1040	-1088	1483
1987677128589248505	28	-147	480	-2336	2711
1131711724412162834	6	-91	48	-1504	1504
-5699123010400695163	-56	155	-880	2432	2566
-6176223095922312514	94	-59	1504	-912	1759
-4321281587051706	145	16	2272	240	1750
2004847102174116322	97	-107	1536	-1776	2348
-8754815357563962721	69	60	1136	944	1576
-481139892129968898	-134	0	-2128	16	2128
-346031903308751003	-95	-20	-1504	-336	1541
-1739895987979299866	-144	71	-2272	1152	2547
5634748401840358551	-140	-72	-2272	-1200	2612
7858682192832023613	109	-104	1744	-1728	2455
-4132714764993437481	-62	-152	-1008	-2400	2603
-6924383584009606104	141	-18	2304	-256	2907
-163354643418420337	11	138	160	2128	2134
-1788872633922077886	-63	86	-1040	1328	1862
7951287460173779850	-39	102	-672	1648	1780
528792324314307406	-105	111	-1696	1728	2467
4307875361633900844	-3	120	-48	1968	1648
6942199668669318715	58	-144	976	-2320	2517
4212736819506738204	77	-55	1232	-848	1606
-4406308442350233547	108	-10	1696	-176	1770
7777335924571853373	135	8	2128	144	2133
1558709264104090645	14	-110	240	-1728	1392
-4921126174751211183	131	-51	2112	-848	2318
-1463769035813995657	-63	-69	-928	-1136	1467
-2879588168667653165	80	-50	1248	-768	1427
6040635318271966523	-114	28	-1840	480	1902
5869780007409534422	72	-49	1200	-800	2150
-6968012205385235905	107	70	1680	1104	2010
7231837419714897443	-129	9	-2016	144	2021
4230469743050566799	-148	13	-2352	272	2790
-7133238016711708687	90	-122	1424	-2016	2468
3749147532877163212	117	8	1888	128	1265
-2329867539140478314	-38	-154	-608	-2448	2522
-8069705264223248848	83	131	1344	2064	2463
3708896611211040152	-59	139	-928	2272	1862
-6000019760467164215	-33	-155	-592	-2464	2534
7686419507115146435	-121	39	-1920	592	2024
8181815466126016853	-154	-20	-2496	-368	2523
2964113822842385637	-42	80	-688	1328	1496
-482547266979023946	78	-53	1280	-832	1560
-3083094576808176642	84	46	1360	752	1560
5678658498241813271	96	-2	1584	-48	1585
-7169829763668768458	6	-93	160	-1488	1395
1786985470241060255	43	112	720	1744	1719
-1743555162640613812	-52	-107	-768	-1680	1847
-7971751972314546483	-108	-90	-1776	-1392	2247
-3410168499738241189	46	134	720	2112	2095
-6269109838187520834	60	-95	928	-1552	1776
8281176132917596294	-84	47	-1328	800	1349
2747941040740788661	-92	-81	-1456	-1264	1928
5216476586494200364	107	47	1664	720	1716
-5585407119752183803	6	160	128	2544	2342
5937615476829418314	-142	35	-2272	608	2321
5792092913871163404	-75	53	-1200	912	1531
4630727159963517806	57	101	912	1680	1936
3742392133464744089	111	59	1808	896	2522
897524543850147152	58	112	928	1760	1990
4224558768570587125	105	18	1648	272	2616
5977866398502636192	8	152	128	2480	2596
-6664863655432811488	118	58	1888	960	2118
6776129432455706150	-98	-31	-1600	-464	1514
-6600405885764560601	-102	-94	-1584	-1456	1698
-8924826243440408403	121	108	1888	1744	2614
3817827427228974069	65	-112	1040	-1840	2114
2849553507344473052	96	137	1472	2176	2608
9024270071446723145	63	106	1024	1728	2009
-3926393607010396043	155	8	2416	128	2419
-504783790115569374	51	133	784	2176	2363
1559272214104485874	-146	36	-2400	576	2449
-717860347484111882	-59	72	-928	1104	1442
336263440297433549	-70	133	-1136	2064	2505
552436222411910067	141	21	2272	368	2302
-8609574269518641583	84	-72	1376	-1168	1836
5607445329160997185	-101	123	-1600	1936	1820
4515885369477973982	36	-120	624	-1952	2049
4942882909149366586	12	116	240	1920	2132
-3970022228392833014	97	49	1504	800	1710
5888075880944824351	-94	71	-1552	1136	1923
-5879266995420520893	69	-84	1136	-1376	2210
-6156519847480352556	-86	-23	-1376	-304	1409
-6912561634924988896	103	-105	1584	-1696	2321
2761451839647037164	96	1	1536	32	2054
-7164200264099443446	-86	13	-1440	208	1455
1795429719579257521	-53	109	-784	1744	1912
-4778699836474210280	123	73	1904	1168	2214
-1295165524702996861	117	-100	1808	-1616	2538
-690838749704913087	39	-130	656	-2112	2181
-8224797976342138238	-89	119	-1440	1888	2374
4905728212233965858	-64	-150	-1056	-2416	2637
-8130503859142036808	-113	-104	-1824	-1712	2584
8013211955125748659	-58	71	-960	1088	1484
6684650065052929640	51	-84	816	-1312	1545
-9030097884702727817	-130	-100	-2064	-1552	2561
-7036973574614400586	-144	31	-2336	480	2347
-7280167954492303563	-79	-81	-1312	-1312	1855
-7642707724495380951	-95	-104	-1568	-1680	2298
-4473299486732917498	105	91	1648	1408	2168
-572619259475579326	-41	-138	-688	-2224	2461
-9175620447659704264	-84	75	-1328	1248	1822
66610412636333593	-120	17	-1968	272	2240
3012808993868575978	-126	44	-2032	752	2167
9072965242451456506	68	134	1120	2128	2231
-8980558288791767136	128	68	2112	1120	2376
3514678877348047027	-3	-141	-64	-2320	2321
-8200309653348732285	-125	56	-2000	864	2415
6485928731506636919	127	-22	2016	-384	1989
-2610498090850070210	-28	-136	-432	-2128	2175
2253389506711656335	114	-1	1792	-16	1792
2231997408481955111	94	-28	1456	-448	1495
-4762655762776888734	45	157	704	2448	2547
7216356296076539003	-120	-88	-1920	-1488	2429
7269273591698781117	56	-109	896	-1776	2013
-175176592344246846	-37	110	-608	1760	1334
-8872753372703396008	-133	-57	-2192	-880	2330
4941475534302497557	143	-83	2256	-1392	2703
-5322228016474761793	138	-5	2176	-64	2177
6668605991401275136	153	-1	2416	32	2416
-4885660327593804461	-60	136	-944	2128	2328
8921531704994065651	34	-101	576	-1632	1614
5716657620169812076	70	-93	1168	-1504	1784
-2414028557093567417	-82	-37	-1360	-576	1438
2440288891258898860	150	-25	2368	-448	2386
3554929799033417044	111	-16	1808	-320	1820
3614039544143493199	-82	35	-1280	544	1391
-1943120921054278388	-110	62	-1792	960	2033
-6256161989191563596	123	108	1936	1792	2683
5687665697572302027	-75	43	-1216	640	1382
-2430354105739020880	-9	-83	-96	-1312	1316
-7055832398024049162	-87	-82	-1424	-1344	1613
8683966824659825832	-61	-142	-928	-2256	2439
1883531387331204681	-138	-5	-2256	-64	2354
7904281139173042471	-115	107	-1888	1728	2285
2030461325175558526	-128	92	-2032	1504	2960
5963511174755549968	-147	43	-2400	704	2490
-8399593936835763109	-81	25	-1232	416	866
1259219888990446536	88	90	1360	1424	1969
-6758876297585911032	-85	24	-1408	384	1508
-4639651197931370540	-104	128	-1696	2080	2664
6534060952553245701	-99	-25	-1648	-400	1725
-661283877100515242	-76	-82	-1168	-1328	1769
3835278875852590790	-137	29	-2176	496	2232
5729042519162419624	-39	154	-592	2464	2500
-1453635936539678451	102	-11	1584	-176	1569
-6615042584480657205	-108	-75	-1776	-1200	2143
5372132248696302966	-123	-68	-1920	-1104	2148
6264970874822897089	107	-100	1728	-1632	2332
2539649558058432653	41	115	624	1824	2457
6583037598507091585	116	-53	1856	-896	2069
7925391762440749181	-165	16	-2640	192	2880
-5616369367108613339	143	-35	2336	-560	2172
-5195282801949085835	-30	87	-448	1424	1273
3427140159629887189	-31	107	-496	1744	1813
-1433932688161611353	-64	-65	-1056	-992	1449
-35565003862500205	117	24	1840	352	2385
-7386565495637831434	24	-167	400	-2720	2767
-8328662242688170487	-24	-132	-352	-2144	2173
2028772475333855214	-20	138	-384	2208	2111
-2653000812294303884	-37	-111	-608	-1824	1923
8862703434892339838	145	73	2288	1216	2540
2730208117297625789	-58	54	-960	896	1191
-3708813449935240475	13	-142	208	-2336	2345
-8663898939949451485	60	94	928	1472	1713
4140397750618881586	73	60	1152	976	1510
1860168964286682847	-57	-129	-880	-2032	2214
7129099053334796783	-56	149	-896	2432	2607
-7396135644840581928	-87	-96	-1360	-1552	2064
-5472254179022124374	147	-70	2352	-1072	2585
5164966665851563993	100	-60	1600	-928	1842
-1845730579079866561	143	35	2288	528	1871
-7715046793449998124	125	-78	2016	-1248	2371
12285742188355057	114	108	1792	1776	2523
-3735553572713229506	133	48	2176	768	2135
-6080240128712778899	-106	96	-1712	1488	2141
5596749280129131159	30	-153	496	-2400	2451
4996644629783247110	-88	-132	-1408	-2160	2578
8431202295606927702	-108	-96	-1696	-1552	2288
4690399855125103880	-56	-134	-896	-2192	2368
1094275552669824071	-87	-87	-1392	-1424	1052
6914615121093540333	47	-125	704	-2048	2236
-8979995338780469058	-110	-81	-1792	-1344	2240
-547849461459205151	-48	86	-832	1344	1540
-4341287722588386335	107	-89	1744	-1456	1912
3022660618117610461	127	78	2064	1216	2312
-3123908448312193114	-129	-68	-2032	-1088	2155
2673068697044980223	-89	53	-1488	832	1705
-1459546911018576426	107	68	1744	1104	2070
5427019869185608897	13	-93	224	-1520	1536
8264006159452434960	-137	3	-2192	96	2213
-648054553160057847	131	79	2128	1296	2492
-7536310183222729107	125	-17	1952	-304	1994
6238230752067564005	94	-32	1520	-480	2102
-2914491065632248359	-93	7	-1456	96	1459
3540011625320220950	-108	118	-1696	1920	2562
3461198631841611183	-97	69	-1584	1120	1940
-5119284558205158011	-104	-133	-1696	-2144	2434
6801462180468066614	85	36	1344	528	1444
-4447685263772755154	69	-156	1072	-2528	2834
-63712501504162115	86	-61	1408	-976	1713
-2998370608689174955	115	-16	1856	-272	1876
7665027409017484820	79	138	1280	2240	2580
4848588792051773779	-101	73	-1552	1152	1933
4730932251787061235	-27	-123	-480	-1984	2053
-5441854881511899784	76	-92	1200	-1504	2007
3169309080997301171	-147	7	-2336	80	2600
-7875769005127615139	-144	-86	-2256	-1376	2743
-2175337776780941102	-111	62	-1792	944	2025
-400075098665700712	132	-56	2064	-880	2244
-6746772873535403934	92	28	1440	432	1521
397624985336920915	-117	-74	-1904	-1216	2247
-8477281030348456126	-118	-48	-1888	-816	1796
2866442006069590308	158	43	2576	704	3229
911316817839507534	73	63	1168	944	1358
6632577194460399395	-165	-2	-2592	-16	2821
6202201955073576816	70	-68	1152	-1088	1585
-2679177985076403788	-109	115	-1760	1888	2581
3108791961025506732	-149	67	-2352	1040	2502
-5426936707723957951	24	164	384	2640	2631
6992020739728235480	62	-146	976	-2288	2487
-4906770950759563774	49	106	768	1648	1997
-1809420307035245149	-107	-63	-1712	-1024	1995
-983854200340553986	56	-122	848	-1936	2089
5642348226407376824	-150	1	-2384	48	2369
-8299670320022863211	-71	134	-1120	2160	2433
-8629277517749842022	49	-123	816	-2000	2130
-781192217103205326	-89	-146	-1424	-2304	2618
-1194116007937405852	148	-24	2368	-368	2399
-5700811860050516659	-38	137	-624	2144	1732
-6834030116287452558	143	74	2240	1184	2832
5280371406362822775	-157	59	-2544	960	2719
-1782961659213646918	-99	-53	-1632	-832	1832
-2145501429216840710	-42	134	-640	2112	2207
-447081419742574284	138	66	2160	1040	2405
-3607200983272823261	119	37	1888	624	1988
7636598436411496960	-95	-57	-1488	-912	1745
-83978699784025351	133	-33	2176	-512	2247
-516887213964544951	-92	131	-1472	2144	2318
-693934974313983551	-135	55	-2160	928	2219
-5178675778244545216	-71	98	-1104	1536	1855
3221100476756243980	-136	76	-2144	1232	2577
-2725902831185917928	105	8	1664	80	1617
-1127406438444209737	125	104	2016	1616	2606
-1015097922735762471	-90	-109	-1488	-1776	2173
-7299871202730520719	4	-124	48	-2032	2243
-6919879984170926489	136	-12	2192	-208	2435
4715451128118198644	-47	-91	-768	-1424	1471
-5615243467115941104	10	100	160	1648	1656
6635391944264314215	79	135	1232	2208	2528
3907336469987737808	147	82	2320	1264	2548
-7111845918280169663	4	83	80	1344	1619
428868707800415398	11	104	112	1664	1715
7407759280365041066	72	116	1120	1872	2181
-5543748823022251134	-17	-147	-272	-2416	2643
-5321102116442817347	151	20	2464	320	2707
-7194036611475057429	13	145	160	2320	2465
-5797076302059903853	97	-130	1568	-2048	2615
-9059934232089423220	34	-85	576	-1392	1639
-858597835670478815	-145	37	-2368	624	2449
-5859845221865318476	-123	96	-1952	1520	2474
-3005688958019035014	76	-107	1248	-1712	2199
1800496269315694642	74	-55	1200	-912	2161
7005250063672933686	112	-90	1824	-1440	2237
-43164828138576568	87	103	1424	1696	2215
-8591278395863296492	-102	50	-1664	800	1715
5271082732160722458	0	-88	-32	-1392	1344
-532086862682596437	47	150	736	2352	2474
4010637786451480500	-139	55	-2272	848	2744
7551030043519069322	-4	138	-80	2160	2256
-7783726687676661096	24	87	432	1376	963
8180971041398467870	-15	122	-208	1920	1765
-1364126893836373083	-108	-133	-1760	-2128	2786
-6382262778633313276	-133	19	-2176	336	2441
7885422315855300932	105	26	1680	384	1723
-6719751275706933269	-127	29	-2064	432	1712
1583197587304004773	3	-161	80	-2576	2577
-4565341803962084292	97	-113	1520	-1840	2797
3067978089455613761	-3	-109	-48	-1712	1713
-3807048216701804704	4	-90	64	-1488	1431
-3106738474642561175	-21	107	-400	1712	1823
-5281695619685736491	-152	51	-2448	848	2865
3733384934404024336	-25	133	-416	2192	2231
8560117835039867847	-124	-45	-2032	-688	2145
4580624614305517127	16	118	272	1840	1860
8716336447115656325	83	53	1376	864	1625
-8955507015709132858	-90	67	-1472	1088	1827
-8077305088371580511	141	58	2240	976	2450
-8489947404227937352	-46	133	-768	2144	2277
6632577194530614343	117	-3	1824	-32	1824
4864632865811971962	-62	-101	-1008	-1632	1918
-6684285428623596635	133	52	2096	864	2267
-419778346950825692	99	83	1568	1360	2076
7933836011868056007	64	128	1008	2080	2369
3113014085745563210	-77	110	-1296	1792	2192
-460873693549486428	-121	-86	-1888	-1392	2346
9092105541033704828	-91	-102	-1424	-1616	2196
8645686227972271741	133	-24	2160	-368	2175
-5216111950096860289	140	15	2224	256	2239
-8026639592552716736	-55	-133	-832	-2128	2285
6013613720751695800	129	-25	2096	-416	2166
9008507472953623376	-124	-111	-2032	-1792	2709
-574026634183934316	-64	92	-1056	1488	1834
6060338566887176093	-26	-117	-432	-1904	1887
3728599859816211610	-137	-67	-2208	-1008	2419
-1251536903124542557	138	47	2192	784	2031
-8790562679340563236	-63	-85	-1072	-1360	1757
7533578594995135496	-110	106	-1712	1696	2410
5923823203190003886	14	-103	208	-1632	1645
-6843318790451516692	-116	-46	-1888	-768	1979
-8696550037112125718	-65	-138	-1072	-2176	2426
-3418894223785078178	-128	-34	-2016	-576	1892
-4699605367815641604	64	-135	1072	-2176	2376
-2010111965343612060	69	51	1088	800	1367
6462003358670788825	21	-139	400	-2224	1944
-3074087377308972841	-149	-4	-2416	-96	2360
-7056395347810939552	-59	-97	-976	-1536	1820
-49638752552428133	-96	113	-1584	1776	2380
4307875361905287025	-80	-93	-1264	-1552	2041
-7344907198937625932	-6	154	-64	2448	2448
7677130833135220220	-31	126	-512	1968	1972
-3954259629478777976	130	11	2032	128	2103
4614120136571226445	-140	-12	-2272	-176	2280
-2054866486633919346	-85	-102	-1360	-1696	2174
-7295649078008993470	-32	-155	-496	-2512	2560
4677170531356118609	14	130	272	2112	2137
-1886262975579438599	-17	128	-336	2048	1936
1699165277761043873	-3	-117	-96	-1888	1926
-4320740049148837879	-31	-152	-528	-2496	2551
9200191932124240109	-7	116	-96	1808	1761
7298265514490349255	82	68	1344	1088	1770
-991735499591717951	-83	75	-1424	1200	1540
-6939864707440555312	-110	-64	-1728	-1008	2006
-2994429958886096822	87	-63	1392	-1072	1779
3681312063761017057	116	-62	1840	-944	2068
4478449197806733122	8	91	96	1408	1431
-5828320024406922789	55	140	880	2192	2386
2453518215350947729	-71	-87	-1120	-1360	1836
-6171719495992444852	81	-124	1232	-2000	2371
-2897321091917135178	-157	-5	-2480	-64	1954
-2274135493479655077	-127	-16	-2032	-208	2043
-5690678760793480917	-160	69	-2624	1136	2838
1997528753081950447	-60	-160	-928	-2544	3217
8454001768871195882	84	81	1328	1248	1766
3180005130244278105	-87	78	-1408	1296	1420
7752566126909187646	17	90	256	1440	1463
6478610382316957552	150	70	2384	1152	3481
-7349973748500706409	-125	36	-1968	592	2055
-5666471912794228677	38	83	608	1264	1403
3356489940643158294	103	-3	1632	-16	1576
-9003357761698378749	114	-59	1840	-992	2055
6219653403744385934	-120	-45	-1952	-688	2070
-2609372190738628659	10	92	128	1440	1440
7542585794284952710	-49	91	-832	1472	1691
5741708893292377820	-159	45	-2560	768	2653
-6803630818700197568	-39	129	-640	2016	2115
758475905610809042	107	-91	1760	-1456	2284
-6400840127024112711	-98	-94	-1552	-1536	2127
256043072183599530	105	106	1728	1712	1728
-7078068920988540480	14	-95	240	-1552	1570
-4826550582279584861	-47	-125	-784	-1968	2199
6727715736717104677	-86	21	-1424	336	1463
3803190728694425143	-3	140	-48	2288	2291
7815616521704846367	137	-25	2240	-416	2465
-6201555843508265592	25	93	384	1424	1538
9082535391881692728	31	145	496	2336	2388
-2342815387780400399	105	-107	1712	-1696	2446
-6287687186378483382	-73	53	-1152	800	1403
-1409725839982132281	-90	42	-1472	640	1605
6986391240320386497	-30	-129	-432	-2080	1954
689514536327490956	80	92	1296	1488	1973
6056116442296678786	135	-25	2112	-384	2106
1259219889194149511	89	-132	1440	-2160	2596
2248885907309427251	67	-56	1088	-864	1641
-90452624132720031	116	-2	1840	-80	1842
1639492582732081922	-4	-157	-32	-2528	2528
7414514679905084962	99	104	1568	1616	2176
5747056917871638203	87	43	1376	720	1553
-4068819944956748809	-60	-148	-976	-2352	2546
-5964272438125417754	42	95	688	1552	2065
4817345069800762117	-14	-106	-192	-1664	1652
6901385797366663299	-69	-71	-1120	-1120	1573
5319777903231180107	-127	81	-1984	1312	2379
-7805118785808661933	-63	-93	-1040	-1440	1646
2518257460031810771	-31	-131	-480	-2080	2093
5239557534871498999	-122	43	-1968	672	2223
-2382503359476222629	72	56	1152	928	2284
-6177067520512485479	-58	-76	-880	-1216	997
-6679218878963582672	-129	-107	-2112	-1696	2709
6713641987907928546	-96	134	-1584	2160	2708
-5915858742121920421	78	-83	1232	-1312	2047
3147916982938037770	-68	69	-1072	1152	1574
-5750914405768140221	31	114	448	1840	1328
8459349793470577031	18	157	320	2464	2748
-2023341289187303813	-131	-50	-2064	-832	2238
708373359790470183	13	114	160	1792	1764
-5101551634493881077	-3	-113	0	-1792	1714
8660885876797594958	89	-37	1424	-544	1524
1936448683180299023	-73	-75	-1120	-1200	1213
-9066126681461615874	110	29	1744	448	1795
8894228632491992898	-18	-131	-320	-2128	2152
-3562727936814075987	-147	27	-2400	400	2449
7766076925836602894	102	53	1600	784	1585
-217679313582454803	130	74	2064	1152	2370
2699245870070387302	-74	51	-1136	816	1399
1758837972880518911	-33	-125	-496	-2016	2080
-530679487683131758	68	92	1056	1440	1776
8645123278107868525	21	-117	320	-1904	1931
-3394968850689946323	-63	-92	-1008	-1440	1758
291790394266790572	34	83	592	1344	1469
6023183870050720299	-41	-136	-672	-2176	2277
-878019608940353436	-46	73	-704	1184	1493
2211168260459627535	19	119	272	1936	1955
2951165974233142136	96	98	1504	1552	2079
-1447724961800556076	-129	-43	-2096	-704	2360
4168545248508653739	14	137	272	2208	2089
-6607442759881233533	99	-15	1616	-224	1631
-6994470852857214492	-140	63	-2272	1024	2492
-2666230135977444333	92	-39	1488	-640	1620
-5401041009697505471	-85	66	-1344	1024	1360
1335499607920035426	39	153	624	2496	2573
-815250689124395856	142	-15	2272	-304	2594
-8872753372442688687	90	141	1504	2256	2563
1973040430173734381	62	-136	1008	-2176	2419
-2847218545996134032	-20	117	-320	1904	1885
7011442513298239364	140	14	2192	208	2202
-1121495463778664349	82	-89	1296	-1376	1890
4956956658288768037	-2	85	-64	1328	1150
-5285354794257478270	46	-128	688	-2032	2176
7717381754891931793	71	-117	1184	-1888	2229
-2777131276787320786	-25	147	-432	2320	2344
3081770363445090098	101	-19	1648	-304	1676
354277839119972392	83	78	1360	1264	2761
-3700650675373129160	79	-128	1312	-2032	2353
-2480175176354123702	-23	139	-432	2208	2250
981122612260365674	100	-114	1584	-1792	3040
1189132620049851659	-14	-136	-208	-2128	1509
-8796473653736713145	170	8	2672	112	2674
-4878060502943289878	-48	87	-752	1360	1554
208192326218470317	-145	19	-2272	288	2272
-1651794319884312274	-17	-124	-224	-1968	1981
-2747857879195193956	-109	-92	-1776	-1520	2257
